
//Canvas


background(0);
size(600,600);

//Cara

noStroke();
fill(250, 200, 135);
rect(210, 190, 15, 125);
rect(220, 180, 18, 140);
rect(232, 150, 20, 190);
rect(252, 130, 18, 240);

rect(262, 130, 18, 260);
rect(272, 120, 18, 270);
fill(260, 205, 135);
rect(282, 110, 18, 280);
rect(292, 100, 18, 300);
rect(302, 110, 18, 320);
rect(312, 110, 18, 310);
rect(322, 120, 18, 290);
rect(332, 120, 18, 290);
rect(342, 130, 18, 270);
fill(250, 195, 125);
rect(352, 140, 18, 252);
rect(362, 150, 18, 232);
rect(372, 165, 18, 210);
rect(382, 178, 18, 180);

// oidos
fill(255, 200, 130);
rect(397, 210, 18, 110);
rect(194, 210, 18, 110);

//filos cara


fill(186, 82, 56);
rect(232, 150, 18, 18);
rect(232, 335, 18, 18);
rect(220, 320, 15, 15);
rect(220, 170, 18, 18);
rect(210, 180, 19, 19);
rect(210, 305, 19, 19);
rect(382, 178, 18, 18);
rect(392, 188, 18, 18);
rect(400, 198, 18, 18);

//pelo
fill(105, 53, 24);
rect(418, 198, 20, 20);
rect(188, 198, 10, 20);
rect(188, 198, 20, 20);
rect(188, 209, 20, 40);
rect(170, 209, 20, 40);
rect(245, 116, 20, 20);
rect(255, 96, 20, 20);
rect(265, 126, 20, 20);
rect(275, 136, 20, 20);
rect(302, 146, 20, 20);
rect(312, 158, 20, 20);
rect(322, 166, 20, 20);
rect(342, 152, 20, 20);
rect(290, 110, 30, 40);
rect(320, 125, 30, 40);
rect(345, 147, 20, 40);
rect(365, 124, 20, 40);
rect(387, 102, 20, 40);
rect(290, 88, 20, 60);
rect(418, 224, 30, 30);
rect(428, 244, 30, 40);
rect(398, 145, 30, 40);
rect(278, 135, 30, 40);




//ojos
rect(240, 226, 30, 8);
rect(340, 226, 30, 8);
fill(90, 70, 13);
rect(340, 218, 19, 8);
rect(240, 218, 19, 8);

// Boca
rect(300, 308, 28, 8);
